658
548
761
762
139
486
514
766
612
661
513
765
596
119
221
47
932
554
938
841
358
975
821
983
923
652
396
988
153
911
276
114
789
84
353
227
890
879
60
172
887
971
586
590
398
172
292
171
570
773
435
187
774
721
629
63
98
578
721
585
632
339
274
347
603
6
119
935
827
108
918
476
568
507
280
442
666
954
751
276
737
753
17
342
405
557
362
598
29
971
964
658
873
914
292
603
31
530
186
932
283
57
741
198
305
792
832
427
745
857
545
298
182
962
447
101
246
421
756
656
762
5
915
831
336
832
13
333
582
351
88
806
457
700
703
718
520
724
675
204
32
488
29
70
541
203
789
635
343
40
678
959
376
31
384
18
121
821
883
964
847
195
573
617
442
696
613
373
66
398
484
550
803
500
392
558
463
493
683
659
369
64
77
599
679
77
338
982
500
331
460
33
987
842
695
923
105
956
989
339
899
153
981
631
262
802
398
589
567
400
984
179
758
278
671
370
724
391
151
377
167
101
863
743
535
686
585
177
172
707
800
154
688
242
268
756
456
283
536
359
794
400
744
150
410
287
587
960
59
110
438
520
576
802
382
96
833
991
733
623
300
919
244
885
931
190
745
476
709
747
547
750
335
262
764
901
956
889
785
102
105
527
95
876
232
795
643
631
928
733
308
657
435
668
928
728
982
25
59
957
857
188
710
15
873
334
936
818
681
116
636
706
744
531
5
545
298
248
339
638
735
642
400
141
829
910
792
369
915
212
600
614
410
126
843
790
244
873
794
200
80
213
995
883
358
501
515
682
363
798
212
750
801
852
814
495
117
638
456
950
605
169
479
565
694
28
883
315
699
642
918
849
977
142
173
990
691
501
847
154
314
910
144
171
760
622
816
623
949
908
719
737
442
757
358
912
858
531
483
180
996
802
545
436
301
303
615
390
290
751
867
270
342
312
469
417
360
930
545
487
963
586
869
187
354
284
141
736
773
102
429
781
944
642
660
28
706
118
899
58
637
964
811
294
556
877
625
144
893
217
755
323
422
743
111
481
342
732
443
472
423
689
114
910
206
427
654
418
32
35
271
405
729
732
978
432
122
556
399
798
821
572
412
191
715
463
754
829
408
818
329
22
328
847
178
928
810
578
637
381
464
392
529
170
436
684
243
871
257
66
81
182
36
227
426
468
462
169
712
5
862
616
521
74
126
301
576
152
621
979
665
553
679
230
253
709
952
99
968
135
490
217
814
346
14
627
847
829
1000
961
864
955
570
13
505
250
724
327
367
979
468
537
337
894
942
84
263
894
92
601
256
262
528
142
548
406
308
526
567
80
15
167
670
698
743
356
942
147
112
619
970
216
102
573
625
394
277
911
733
567
36
916
667
661
533
86
12
673
473
440
271
740
571
724
577
900
548
416
543
519
510
685
36
592
683
905
352
367
100
423
155
783
118
906
385
587
401
709
979
836
344
834
229
366
833
576
2
260
902
998
976
957
942
742
406
471
390
280
508
84
141
718
788
223
600
844
194
408
357
203
291
545
884
802
743
794
382
983
217
757
280
448
174
181
188
213
922
236
947
781
837
42
508
531
427
776
340
405
760
392
612
185
500
162
379
642
635
227
590
302
743
385
241
114
375
520
902
328
241
285
86
346
410
947
791
922
837
782
764
436
166
584
200
447
592
172
64
227
764
165
168
887
101
420
29
307
243
901
944
210
217
670
155
914
393
160
419
245
679
745
763
169
628
989
584
639
485
246
238
148
171
9
792
798
504
784
39
210
848
778
673
909
654
306
835
806
848
800
143
415
611
8
875
333
20
93
681
914
879
174
492
133
251
881
992
478
86
355
297
554
908
215
699
343
711
548
132
632
36
150
144
341
892
818
518
756
134
746
280
407
993
72
537
212
939
833
474
878
208
391
630
22
615
3
867
721
508
133
493
557
326
196
843
689
575
235
769
273
836
735
507
710
193
962
572
75
472
690
941
637
143
405
404
901
198
742
32
171
437
710
796
324
523
944
635
430
166
675
365
31
295
52
108
410
34
917
562
90
196
528
394
495
428
3
983
914
539
287
726
660
220
665
769
878
953
235
227
634
536
642
721
964
938
827
961
747
351
527
20
740
578
632
440
64
987
922
11
655
437
1
279
550
110
742
656
930
44
932
894
532
603
345
900
209
182
935
402
2
201
963
267
425
172
230
554
393
298
157
189
622
297
509
655
498
747
368
421
639
613
852
117
658
253
695
300
861
410
878
881
478
327
441
394
146
245
522
241
854
795
626