8900
8227
8765
37
2984
3851
6686
1801
89
4583
4133
3850
755
593
3375
5600
3813
5704
8608
5327
3992
2117
9438
5884
3444
9633
8147
8207
4418
1182
9916
9204
9915
5619
4045
7980
4490
6746
1514
6007
4785
4472
8586
715
2069
4925
1333
4182
7339
5195
355
2379
9841
7291
2531
6911
1694
3409
2356
354
2749
3473
7050
8073
8884
288
6805
3211
5617
6089
7447
3676
4596
5522
1190
7273
5525
1115
3489
7785
7267
4424
1637
550
7148
1920
4385
5880
7295
7575
8112
3992
7183
7176
2986
965
1224
8359
3212
1520
3309
1756
3069
1501
7758
7536
4435
9291
2074
3110
7443
4317
1690
1043
1362
357
1403
2398
3165
4011
2177
8317
665
1599
4110
9996
9116
3714
8689
9276
5220
9988
6616
5913
233
5353
6302
2275
9634
5649
383
6819
7611
8553
8848
1186
1510
9625
7531
6593
6867
9458
7534
8023
7523
5391
9531
2511
2311
1686
9836
9932
4499
4533
5285
2558
9247
2803
893
6590
450
7990
2285
8504
5266
5756
9915
8401
8836
7909
8708
7471
3951
5511
2029
4966
5983
215
2296
249
3221
8764
2486
7095
8615
8952
9792
837
9551
2029
1194
4413
8869
1737
9650
8562
3684
2228
2035
8858
256
575
1963
9202
8865
835
9223
5896
8141
5790
457
2304
2808
9366
7363
154
8791
9889
1723
796
144
612
8411
6957
9389
3537
2568
9459
5227
8338
3079
9323
4572
906
4430
2659
6225
4305
9178
2125
8474
3278
5633
3827
9620
9196
8376
7163
20
564
6004
6534
9571
4847
4256
8032
8805
5983
9517
4467
5809
2470
740
2832
2286
9741
6467
9534
3058
7711
7242
8592
734
1706
1442
343
3862
9911
9055
7623
8300
9540
8531
3585
7781
1718
8488
249
8173
9845
3773
7470
2763
7599
1671
8579
8441
3459
5974
1282
3441
4163
2959
7560
7479
8540
2394
9861
2725
8674
2205
3031
9041
128
2852
7984
6386
261
8957
7232
2438
4128
231
3028
8926
577
8385
5082
3149
1623
5565
9898
9143
3605
7060
8751
125
5487
2244
9738
7643
4602
2093
1620
6839
7502
8844
7875
3173
668
7577
9022
7889
2912
864
2684
9186
378
4096
5016
9917
4066
8913
2315
4623
9362
1639
6137
1881
1418
7013
9427
5837
1622
6144
1842
8240
3937
4944
7428
7709
6102
2584
8794
4625
2746
7159
1429
5079
4505
882
6801
2302
6978
4976
2589
3212
3908
7546
9999
657
2891
6031
1045
3091
1689
6360
5538
3161
9944
3598
7974
9480
658
6515
9285
2265
1661
8683
920
3039
7010
7410
738
7091
8330
3846
3233
3893
5307
367
1813
4196
6236
5100
5564
2557
6267
7800
4806
8227
5983
3003
8540
9935
2696
7328
79
8873
4583
7799
1275
6628
1883
9222
8555
7145
6714
5882
5868
621
5731
6725
2157
5410
2277
4924
9420
9904
432
43
1142
1994
1381
7450
427
9387
2173
7519
6847
8518
48
1174
7461
4604
1598
7991
2286
4813
4004
6768
8490
6982
6335
7067
6473
347
645
6654
4041
9128
5344
4042
1147
4842
913
2010
2733
9541
9305
7701
213
9333
5177
66
2867
3745
1536
6632
961
6595
5166
8037
6090
9740
9183
6344
9890
5452
9894
9918
6135
5241
7942
4192
3888
3682
2543
702
4339
9746
3187
3474
3052
4580
6662
4258
7405
1981
3235
1273
7818
3154
1640
9012
5128
8874
9730
6499
3876
1303
502
6681
3531
2021
2566
1328
4701
5052
2986
4752
2570
8430
1561
6403
7268
1665
3001
2477
3133
9542
8579
1477
9279
4167
7727
8927
629
3096
1599
3116
9186
9883
3651
3559
6440
7650
1614
3668
773
2001
1293
7879
926
9675
7459
2267
9465
6817
9897
349
7035
9733
8732
8567
6893
9795
4198
5838
1862
8587
1841
1262
6631
8633
3318
5841
3022
1074
7532
2133
3159
8603
4373
3538
1420
9540
885
8722
729
1030
7769
8675
3135
8341
8515
9867
9698
7292
6584
1058
9690
5818
9370
5769
9161
899
3005
5613
4491
4228
6075
1974
7206
335
3369
6180
208
578
5048
8791
3886
7323
7750
523
1225
1483
6873
7993
9928
5714
9816
36
7092
571
3845
6521
7433
3884
3654
7255
7144
1252
2361
5442
8485
1433
5033
3841
5879
1336
2141
6281
3668
7807
8716
7882
2124
5340
3458
3931
4350
8687
6442
5169
1799
324
7923
1096
4072
7987
1494
7881
5277
8468
8575
6414
3246
7824
1349
1862
3145
3920
5164
4753
7636
1373
9146
493
3066
9114
7427
9546
4625
3806
4835
341
345
8497
6721
5744
5407
2051
2453
8056
4608
7009
2260
3375
776
8386
2413
2442
5686
2309
2228
7342
249
9134
8485
6128
1488
6914
3048
957
2849
8855
146
971
225
1905
7889
258
2669
6781
3300
6320
8768
6257
1480
7129
2448
7227
4492
7312
1680
494
2229
2629
157
1358
5994
1527
4055
2860
6920
5906
8663
4564
2619
6070
656
5126
8812
6970
4478
6771
8236
9134
5433
7443
3272
9479
6055
9710
653
8944
5871
4216
2292
2803
5316
3935
6530
4492
9459
3827
5407
4511
6647
9218
2949
1185
6545
4200
3938
5461
7005
6372
5396
872
9688
6117
6227
284
2952
6946
6582
9737
1143
8885
72
4103
6313
8722
6480
6276
5690
4503
3979
7154
1726
6881
8373
62
3401
3257
8736
1792
4666
2562
4065
5981
2785
5256
8415
1010
1826
1991
1767
8759
7474
1350
4427
2657
2082
8290
8708
1653
2089
7283
7544
4589
5625
1928
8390
3507
4254
4241
2162
1770
8057
2331
9947
9241
2813
1369
1466
283
4947
6097
9699
9381
477
6524
4199
1477
9082
3399
6519
5462
9799
8554
6113
9499
6663
7319
9035
4531
5795
5403
4958
1585
373
4664
1254
2173
8262
2167
4267
4497
6038
9776
4342
4577
4678
9220
1004
3536
5578
6080
9012
1684
6281
7455
8250
2635
1223
3368
2571
521
5276
8580
120
1264
1057
4566
4758
3978
8671
3567
648
4500
889
1987
3302
3370
197
7812
1336
8135
7984
4578
3006
2439
1461
1089
9368
5525
4158
4593
5192
9073
2794
320
7481
7466
4209
1311
3824
4698
3125
8020
3930
8737
1827
3599
5627
8246
3706
4556
3095
6633
2477
1095
4562
9566
2961
3297
9752
3479
737
8205
864
393
1464
2205
7265
7696
7872
1776
8014
408
5385
9950
600
9167
9180
229
6927
3942
3196
5665
3986
1915
1529
2934
6140
5108
4730
8651
3816
316
3006
3367
1872
1522
503
8301
6550
6902
9399
4041
9551
689
2384
526
8215
6116
2833
8172
9308
2772
5760
3140
3019
8918
3800
3977
6071
7254
6265
3213
8648
3986
5911
2130
7314
2055
3769
7080
1694
2979
3561
608
5697
7903
4600
2990
8276
9477
1064
4858
1237
5127
7079
6138
3856
3060
227
318
995
7864
1541
9585
8525
1396
807
5805
2645
9093
8503
7791
3749
4278
4386
544
420
8351
7311
5720
2340
520
8895
5028
4280
2213
4395
4945
2812
7131
1035
1758
1040
3470
8277
2560
5300
8796
6001
7285
542
1720
5607
2002
2036
1114
4270
1220
4850
46
2374
7024
4101
7188
3235
8316
5069
3618
8254
372
5898
3789
4953
8518
8244
2456
1926
6256
2638
6384
2512
2347
7302
2926
4346
472
6397
5499
1224
3600
8532
7074
1163
3682
7754
8967
5277
5011
9482
9728
9444
4379
1334
380
4628
9749
4141
3173
7119
3654
6949
6750
8886
9500
5142
9881
1401
4210
5905
7228
4794
1401
4441
1268
288
1580
9419
6178
6940
227
1529
7787
3336
1107
649
2635
2178
9101
7958
4208
4976
3626
9104
5713
8973
2660
5016
5531
5462
7860
2560
5772
5719
6192
1845
8884
7169
6511
9428
708
38
5045
2351
7121
2
6650
978
4992
8718
71
7172
6767
840
6513
2638
1780
8600
3167
4994
8974
2057
1841
3794
3142
8398
3817
4527
8109
7553
5782
4230
3826
9631
4894
214
2453
8086
3710
6185
3424
6069
1943
595
1548
2478
3977
2240
7248
5827
2628
1802
8093
1796
1106
5667
8596
9535
2612
4715
2139
2673
8789
8120
6684
7594
2960
4796
6394
991
3805
7881
9699
8989
6341
1157
8994
8702
5041
5843
9024
9018
8896
7606
7639
9519
4977
8648
4530
8736
1769
1263
891
4340
3919
5828
7567
6007
621
5772
149
5258
3032
3964
4503
9557
4577
4107
6631
2039
3973
7155
5026
6325
2504
4106
6754
542
229
7635
3708
3740
5598
75
5901
4649
4306
9888
2382
9554
6562
939
5954
5340
1524
1365
8791
5525
2754
8573
4873
2365
3146
9816
7228
2169
4180
6994
7170
2440
5713
587
899
1076
661
180
7572
7131
5688
2736
8741
9992
2909
9605
8015
8763
7118
4979
978
7834
4612
4694
5686
4742
9519
9574
5680
3231
2938
2667
7392
37
8446
8615
2542
478
9406
3588
5497
6406
6680
2658
1434
3756
62
1105
3913
4092
1681
5003
9663
8010
162
5419
1966
2282
7840
8917
7427
2562
8382
796
1882
1622
7763
4006
8940
4944
6968
6229
2656
4432
5172
1674
3222
1070
511
5592
3811
3566
5821
9911
9047
4091
9086
1666
8273
4584
8933
776
8385
5543
3029
5132
9961
3199
8282
8283
3533
670
615
8490
5584
6610
232
8241
8040
5114
5893
5811
7086
8989
2499
5950
71
4845
5737
5605
2203
2253
5749
944
1228
7800
7566
5503
8025
6140
1076
5088
773
7533
6740
3414
5909
4248
7381
1066
8586
1046
1758
1259
9782
1401
7103
2697
7642
8313
4061
1181
1295
8242
4886
4754
8765
4924
9767
2238
8596
8875
9213
2868
5386
9267
4538
9487
5606
7951
2807
71
9944
2135
5887
9177
4526
8426
9847
1551
3373
9863
618
8031
9116
3209
5099
8960
2852
8550
8291
8573
6691
7294
2973
9517
1078
6337
2440
2115
3066
3331
6131
7791
3477
1052
4435
9546
1849
3893
7187
7363
9935
19
9856
3309
1659
5931
1193
6079
7739
7015
1696
2202
1497
9923
5066
703
483
9658
7169
4859
5134
3965
111
3536
235
5827
2068
6794
3775
3283
7035
2820
7794
8956
8708
599
8579
3199
382
8378
1112
9766
3507
163
1665
8948
1420
1893
9832
5628
5663
6276
2281
189
5103
6493
2313
8129
4395
2769
9456
9607
2752
7296
9367
4425
1777
842
1375
5187
7023
5089
1752
7049
987
1454
6297
7830
2173
9343
7308
6478
8751
3411
4887
5547
3535
1392
1966
7386
3968
2028
8580
4310
6013
814
9358
5378
906
5440
5513
391
7321
5140
2640
2549
4602
4240
344
5559
7124
1648
2089
2687
5108
283
1629
2821
7475
4874
2558
9251
5671
5299
483
3029
6945
7878
9817
8222
1788
9185
665
8326
547
6233
3128
5341
858
9054
9426
474
145
2128
5469
652
9584
6680
5050
3933
634
4495
7133
7677
4569
187
1832
9895
6258
8149
3073
3234
9731
2552
6475
5876
9567
2797
3521
4802
1563
602
3191
4127
5347
9249
389
2986
8477
1396
2986
358
1853
8491
5620
8203
3184
2989
2531
544
689
8794
9156
6428
933
635
6884
6546
7826
661
7601
6509
1292
2015
3944
7752
9925
6211
3161
1579
3400
7292
9660
4843
1816
2788
7278
647
1829
177
2619
7677
4805
1236
5711
8992
6102
6562
5052
4366
8341
204
6429
9204
2299
1273
5989
133
9578
9768
2995
8649
2068
7014
2973
9526
3748
2685
1025
8208
2560
4103
8663
880
5530
9732
8235
3543
3333
3938
3628
8674
4523
2761
8249
5691
8241
9561
2786
9407
7062
7663
1105
2306
125
4909
863
3721
6696
1893
1914
3458
7550
7573
904
4498
3377
5854
6870
328
5919
7277
9009
8565
4417
8671
6940
1214
3398
4492
1681
4487
7141
2494
4713
3050
9900
2144
2326
5862
5565
7934
1455
6317
1478
2328
1349
6781
9202
5088
3922
218
9764
5668
5551
1953
4043
4422
8822
6949
9144
3910
9277
4066
4104
6378
4177
761
5449
3675
8200
7800
4687
56
8451
4217
2120
3634
1376
1745
4947
7064
4113
6072
2249
8075
2369
1273
775
2756
7448
4129
5900
5047
4238
2800
8377
912
2140
1234
7773
3066
6653
3684
3810
18
8568
5796
9007
5320
3085
4122
6259
932
5280
6172
8374
6365
1886
5567
9878
2967
7324
3571
445
375
8990
113
6187
7427
8179
8175
8336
8523
9698
8770
4335
1880
8614
9214
31
4037
3838
4266
4771
9699
3716
3779
614
7320
8767
3473
759
8997
3349
807
445
9393
6135
980
1725
8254
2065
3723
7730
9191
529
3025
5640
4192
8623
7548
4610
267
5655
9441
5288
7618
4598
2071
5801
4885
8291
5301
4075
192
6326
545
8847
7894
6741
8852
5163
9444
3333
2248
8070
7219
2606
1614
3974
8725
8112
5798
3027
8054
5396
9116
3285
4308
1014
7201
4067
9947
8106
821
9340
8975
8565
4073
9891
8242
4806
5875
9998
7501
4494
445
2888
7551
2778
3602
7358
2517
8471
7720
5963
182
2697
6338
5794
5524
8551
6210
1867
4854
1397
2527
6786
7335
1202
6993
685
5079
2305
7986
6399
4413
3716
2954
8012
8594
9791
1658
6588
6651
259
576
584
9367
8585
883
8973
8577
5144
2632
8150
7455
2509
1307
1253
254
1526
8813
1933
3246
1061
786
3228
921
8157
66
7730
4618
3825
9026
1962
4302
6527
8022
4805
5858
9895
6516
6265
420
7692
7574
7994
7652
7463
9257
7702
7091
5421
720
9520
9977
3058
4327
5896
8634
8038
7033
4753
9953
9814
7589
2088
996
2484
637
7732
2066
7721
2064
409
6732
1127
7859
9499
1090
7375
4795
4611
5017
9914
6894
9141
8158
2756
6926
1706
3992
1338
7334
857
6313
3520
9421
2797
4176
3110
6614
2955
2303
9000
1028
2325
7357
9303
7186
6117
2817
6928
4469
2393
3020
1738
3039
8246
4648
2335
1896
1848
1461
619
4864
3379
290
1290
3029
6635
6710
3056
7270
2922
5482
3599
3507
4590
8140
6339
4132
8018
3790
6727
3756
8340
8896
4577
2451
5220
6496
3469
6024
9434
279
2938
7646
4659
124
4238
1740
9312
7206
5557
913
1098
716
1657
5016
8922
8523
9355
8701
8341
9665
498
6774
2084
6945
7791
8384
9662
3165
2437
6166
9846
8470
2362
7109
4248
351
7636
1780
3349
9698
3041
4458
2741
2947
9125
5803
2726
2660
6675
7969
4409
439
9027
7399
2243
2270
8618
215
2848
1396
6702
4451
629
593
223
4774
7541
7093
1009
4156
9019
570
7812
3725
7382
3594
4001
2198
314
8784
1957
3418
5243
4543
5908
2120
7005
1514
253
4255
5036
635
667
9310
1696
5577
2564
1262
7597
7935
4634
8476
5948
2139
7309
2332
7400
7568
8963
4884
3507
9901
538
2157
8215
2616
1991
3470
7101
5819
7168
95
3790
1145
417
1967
198
402
1889
5714
5388
7868
3637
9577
8802
9976
5454
7595
8634
8853
1475
693
9321
8530
9278
1228
4319
3213
6421
7461
1875
8614
1485
6989
5100
3932
2340
9496
5955
7459
5801
1608
7771
6339
671
589
8973
75
7616
1184
7093
8958
6871
4167
5458
5825
6675
55
7534
4773
6216
5690
6881
5124
4515
6520
1026
6210
4386
9092
1247
8477
9895
717
7957
9504
8493
1715
4023
5177
2033
531
8132
9646
1017
3818
6421
5492
2799
8527
2190
4274
9594
6710
9207
7483
8426
5254
1927
7382
63
3444
948
1397
4913
6739
8077
7688
3269
9833
8268
9546
1118
1620
8911
4413
4572
9630
670
9080
2745
3381
8372
4426
8015
5642
6960
4932
9777
9339
6182
1397
9790
3042
5090
1700
8591
604
2449
7342
7109
5160
8127
5542
9648
5463
8374
3493
1162
687
8104
7871
8126
9111
294
254
538
6589
7219
5447
544
1352
3282
9942
6293
9403
174
3415
2602
393
8884
8104
8563
6217
6415
3762
3526
8322
8676
4365
5351
439
4141
2770
856
6382
9985
6605
4068
6620
7993
9060
9840
837
137
3576
1508
7614
649
87
2291
9552
5890
4970
4229
9108
6308
9852
5898
8868
7556
3106
132
8706
8337
9228
1186
995
9820
9480
4597
8770
4327
3183
3185
1928
7601
8293
3597
779
4998
7429
732
5960
6177
1569
202
1708
3760
9132
2280
5741
474
8999
6771
5520
4458
2153
9934
9940
4412
684
559
2312
8805
2635
8676
9064
8947
1858
2080
8563
6054
4859
5866
9469
9435
4063
5194
3289
3287
807
33
445
5859
2618
7739
34
7112
7843
48
2033
1416
3131
4896
9962
5002
2388
2212
414
1457
5116
4374
2990
6287
6007
4550
2545
9754
9864
1338
6406
4366
6160
4622
5607
876
8889
3174
8205
5877
4508
1256
7634
3879
1226
4763
5328
917
4526
9767
4796
5676
8848
5739
1742
4421
264
3324
8146
6509
6111
7325
682
4883
6523
3477
3578
962
6304
5159
2167
7078
332
2789
7781
5936
25
228
4063
6652
8746
449
3222
8600
2504
5846
43
286
3420
4860
9172
9609
543
5061
1677
2076
6700
7946
3086
9921
6011
5297
851
2770
2998
8770
4256
9814
5871
7585
2284
5652
8218
4149
1197
6855
6548
3422
9833
9181
3405
6658
717
9586
6718
8497
3263
5115
5209
4397
4251
7585
5458
7688
206
7718
1030
5662
6668
2129
4730
2780
8991
705
3782
7228
3880
599
2347
4327
500
1589
4031
4724
1012
7432
9307
2363
3747
5763
5957
6692
8953
9963
6450
8186
3335
5004
8551
645
2238
6303
9538
4600
4857
6867
8897
9498
9111
8520
2330
688
1631
8313
6230
6861
2472
614
1946
3498
3790
3674
6855
7348
8013
2730
3987
3826
8881
7747
9057
9141
8054
4882
4911
5447
2820
2168
7858
6291
7626
5891
9334
7794
8825
1328
8130
6236
2148
6102
2656
9146
945
5481
3613
8054
465
1015
7952
5874
9697
5569
5338
1472
1628
9429
9804
4008
2019
3615
1820
2863
7805
9565
9287
9163
7176
1906
5663
646
4517
759
7136
2686
1289
7492
8537
9031
47
227
4377
8027
1198
2233
471
6587
5852
2145
2524
4948
377
3837
6215
7221
7069
1563
8182
6154
8318
1832
5000
9081
2199
4457
2515
5298
2352
9766
9317
3306
5159
1095
8744
117
6133
9280
200
2559
3688
493
9468
9048
6360
6594
9915
7448
3610
9738
6684
3466
681
2835
1307
4402
2809
940
3778
372
2071
23
6612
2924
6984
6289
3566
3179
2816
4082
4702
9985
3392
8741
5949
747
5693
8771
1352
2459
477
541
8853
4191
1464
5952
1474
9946
1555
5304
5203
5399
1344
1762
6347
7646
4789
3561
2848
2324
1428
5376
6994
5371
4486
8286
5194
7535
3193
739
9272
3410
5313
6635
9190
8768
4745
4139
4013
7963
5494
9522
841
8216
8692
6868
1975
2490
5730
8088
5879
2661
548
2340
642
5303
6988
2807
9837
7065
4746
8801
8343
7834
3175
5564
7252
1071
967
246
3475
5428
1883
6473
2894
1533
4826
1270
8874
6489
1967
6725
6121
7535
6183
8548
9547
7643
3217
5701
620
9469
3851
6012
1937
8480
1567
1692
756
5564
683
6223
4674
5834
7790
5597
3301
2742
3976
7941
4263
5407
5469
6268
7742
8915
1014
6204
9309
4815
2624
9433
9959
2633
8999
3887
2057
7583
4639
6855
272
7502
9603
9666
7273
7252
9617
4277
8612
2123
8503
5747
5326
8173
5861
2408
6622
5598
4804
4993
3801
7756
5885
6342
2875
3464
1991
6060
9988
6422
1981
4787
9574
5050
1337
6696
8423
3343
3024
1570
4586
6935
2269
6820
6940
3778
3424
746
4039
3427
9874
7788
5389
4557
1522
6622
878
6487
5747
940
8584
7174
8750
8674
6628
4702
3281
1622
2224
1918
8469
4946
5891
5835
8354
1516
701
8333
8166
3937
5273
9742
4515
4313
2249
4746
6193
8338
3043
6381
6816
3327
878
9069
5113
4001
1398
1302
5075
7255
6981
58
3246
7011
3798
3019
277
2721
664
3784
3449
64
9523
9307
5482
7564
8925
2955
7462
274
6789
7583
1364
9124
1719
6315
1895
4378
2177
9856
6457
6335
7467
1387
6819
2246
8787
3813
7797
7184
8591
731
6605
8100
4200
4204
4806
9042
5611
5365
9730
3750
385
8618
1279
4217
7896
3302
5075
5340
4449
183
6187
7966
4024
6274
6207
8392
4742
2468
2145
5457
9186
4898
6252
6086
7196
7085
1875
65
8417
2496
4175
6401
7388
8113
1108
9306
764
1857
7110
1843
9791
1281
2552
3384
8620
949
7635
3563
9612
10
3846
6228
8688
6780
988
9079
7782
3473
863
2757
2178
4330
3175
8076
8302
7864
3550
3071
1499
8319
8863
422
3443
7180
7121
2262
1513
3706
9804
7272
3976
9357
318
2919
7137
5152
9199
5368
1637
4968
8358
1418
4772
5548
1883
584
8261
4088
7513
6198
5254
4846
786
2552
1478
6080
9617
3630
2906
1055
4098
5237
4666
6793
9815
9412
5534
5605
721
1562
2606
3569
8722
1381
5036
9365
1577
8188
9526
4886
5517
6747
1708
2958
2793
5165
6403
4712
7441
7328
9154
1555
2246
7332
8790
380
1439
2191
4232
6211
6451
9874
5532
464
3905
814
6785
9830
7678
3960
7267
5224
3639
3538
3950
2200
2866
5249
5625
7273
5341
3389
7141
7967
2047
2424
4354
7290
3089
1073
9294
9845
6696
2799
6795
1318
7410
8646
6302
9368
3975
5665
3791
3146
435
1328
5632
5884
1578
4979
5960
7441
591
1746
753
5860
2031
4397
850
9731
7684
4826
8899
8689
5344
1624
6930
5394
7552
430
8638
3546
3040
978
6739
4953
2908
8812
9952
1589
2928
4571
9369
1197
9638
1977
672
5616
5900
7989
8620
6165
4484
6133
987
3782
9386
3464
2509
8263
7775
63
3345
2672
2972
9036
4769
5513
2388
6695
3255
277
8038
9679
2587
7951
7699
7551
9397
8896
865
7942
6445
6063
8229
4142
9950
9002
2284
410
3993
8903
6357
9639
2956
8871
3039
1058
7291
8276
5044
2415
6903
3326
8330
7183
1275
9102
5485
7587
2534
1913
2144
356
5062
7790
6370
1358
3104
2525
5223
8857
8366
9103
8934
839
5837
6270
5846
1454
8880
7594
6413
8986
3337
276
6222
2740
6047
1756
7502
1314
2086
3847
5499
7863
6273
359
5705
5826
5236
4428
3303
8027
9528
1625
2026
9049
8358
1270
1506
133
8752
4425
8698
2777
9579
7152
8881
3349
7845
6218
4227
9652
1221
7114
6813
8058
5591
9136
2324
5621
3879
4294
6500
745
2236
5866
8200
3918
7476
16
3027
4184
166
2373
4069
5984
592
5369
7918
9455
7982
905
7365
8540
9108
3976
9397
3095
8653
7645
3700
5353
2282
3343
2221
3864
334
5618
5965
6906
4419
79
3702
753
2704
5400
2882
2555
2673
7831
1353
6678
8148
9621
7922
7144
2179
1824
535
2395
2320
8475
432
4332
8374
9685
8246
4736
3015
6303
4393
1820
1548
1168
226
3542
2596
4815
9787
5576
2333
7139
8505
7988
6048
6702
6171
4936
7482
9292
5068
8601
9734
6474
1583
5781
3461
5334
756
2989
2816
8034
2092
5107
8916
978
7423
5785
4366
667
7179
4486
6356
4419
3396
816
3978
2495
1761
2180
227
146
5130
8538
3624
115
3870
6718
6853
7091
1319
2608
2839
2328
2818
6741
9449
2849
1941
1371
4671
6081
2152
9207
5292
7768
8852
5460
3338
5930
8068
1265
4063
5782
7114
5797
6123
6295
8527
9446
2354
9198
1148
6363
2564
4715
1794
6347
4270
6018
5566
9761
7241
740
1994
9379
9415
7349
8743
9340
448
118
8921
5441
9841
9594
8903
6153
4163
4471
4925
3692
642
1659
9752
7535
7914
1477
4490
6025
6845
8939
700
5484
7693
1779
7418
3350
5210
2355
4106
5022
9213
2665
941
9867
2075
9751
1571
431
8255
3801
4243
1126
8102
7666
3513
5708
2107
6912
8575
2769
1042
268
9772
7648
6937
7859
7508
8198
1867
3898
7409
4774
2706
182
912
1408
9729
3721
2432
8453
2363
2878
5332
5396
1360
424
9285
5583
6872
4168
8287
9396
2847
4047
2336
7388
1509
2788
9919
7725
6904
802
9467
2245
5344
1652
5280
9639
8293
8164
2271
5155
2085
467
6171
6441
6347
3754
7702
32
2151
4988
4948
2429
8922
4306
4101
6823
3625
4561
6655
7833
3403
9538
7717
9019
4232
5251
7792
2010
7048
5949
7418
1211
1445
9146
663
1350
5858
8894
6612
8721
523
3979
1739
6990
3184
8405
1214
7336
9620
3320
4158
629
3551
4906
4271
5145
6876
90
4898
1207
8531
1407
766
9331
3303
9691
634
9479
237
1708
8978
4598
9760
7520
4209
4907
1478
5674
6353
6942
7921
2830
5103
4400
9298
1208
2745
1441
2087
8501
1246
7704
6237
1552
6300
4845
3780
4445
9091
5770
5416
4586
1395
679
3865
1058
5241
7547
4353
5514
6743
5901
3765
8983
9982
7042
5451
541
4004
6914
4884
9448
9947
2877
377
7054
3746
6575
4515
8527
4900
1582
3773
9724
9589
6440
7910
3713
2259
1871
563
9121
2104
9845
6348
1248
174
4458
1222
5730
7280
455
6338
1046
3444
2111
9663
2763
9799
9082
3859
5899
6418
6205
3572
5692
6251
6752
1633
1352
7958
79
6120
4180
5977
4111
4912
3773
2372
5286
1350
4696
1013
7880
3025
3684
4092
6640
5123
9921
442
4645
7629
7292
3739
4978
1737
8071
4713
9083
3794
1365
8738
2151
8424
1399
1975
1297
1071
8751
6190
2439
5326
7547
6250
6551
1548
5952
741
8790
5376
7463
3668
105
865
7279
6649
9561
1567
6186
2519
1729
1689
1028
1835
8854
9451
8956
5760
5956
4954
7253
2956
8126
689
8931
2728
1472
6751
9329
2031
3624
7990
5638
4947
9640
4195
8718
4529
8228
7484
8684
381
9763
5236
853
5410
4712
9123
7891
8029
2920
6591
8031
3494
2388
2650
709
6614
3002
1445
8538
6566
6839
6350
431
8837
8842
7565
944
7126
4125
2570
4714
4118
8297
4945
1800
5468
6231
4586
1652
7011
4914
5650
3650
1113
7913
2061
3006
9918
9248
9065
2855
6104
6461
3384
5915
1969
7716
3989
6280
1734
1825
1364
1165
2292
8803
51
1718
3005
3622
1634
6554
1304
6145
2712
2278
5226
7532
5945
3932
9228
8091
663
4347
3871
1473
5015
4158
1649
2053
7387
1254
9421
8190
3048
6140
1274
9865
1229
2768
450
5142
6852
9291
6483
8733
2523
6596
5270
1088
2886
7477
7419
1068
5946
3440
4617
7892
2318
2785
1637
858
4961
1507
4126
9338
4429
3236
8193
8167
2718
4794
7335
3269
6218
5765
6876
4937
7896
2218
5857
8104
4961
4403
5002
518
5152
9247
2608
8156
1601
6210
9336
3885
5128
1205
4498
9097
5858
9367
5773
4030
8221
7103
1747
4863
1792
7340
9737
6673
7678
2516
131
1832
8741
7726
5860
2308
1227
733
1297
5858
1850
2949
2378
8426
4783
3972
3209
6588
3033
3021
4510
2133
9722
3160
2929
3287
5627
7804
1132
3152
5009
1274
4168
2480
8141
5750
2897
6132
9388
8128
2815
3282
6347
6868
2309
3756
6532
4127
8939
1561
1654
6431
8889
7985
2283
1774
7336
5211
8182
1142
1424
1519
8198
9238
9731
2310
5112
6417
7676
2194
6100
706
5503
4506
9681
7287
9301
8362
1909
5299
5862
8958
2446
5577
7042
9280
6452
1785
9087
2698
9930
7349
8488
1387
9174
5374
7868
2276
4897
2358
4879
3837
919
2922
9901
2823
7828
1177
6796
8141
4793
723
7428
1138
824
9786
2708
5069
6633
4654
667
4888
6033
7946
8409
9680
3358
819
3018
3439
2120
1356
9913
2514
7680
2781
8511
2677
6907
3411
5887
3103
123
5415
6588
1933
2527
7774
2130
9324
7157
1125
558
4250
9271
7687
6174
3952
4794
5794
9183
2832
2030
4338
4349
7347
740
7908
5879
4207
4600
9428
5703
7989
9403
1780
8911
5467
3806
6222
36
495
5590
6282
4066
3866
5830
4191
2993
2239
3807
4924
2041
407
5174
2339
3518
9655
6048
2188
4415
9070
2157
6527
5077
645
5260
4705
8983
8578
7491
9332
7394
8304
9326
607
9881
5398
3047
3129
9853
226
6472
1449
4440
9539
3022
2405
7926
3040
9755
41
1755
6135
8576
4211
7190
9379
6083
5363
4473
6873
9764
115
868
1115
1403
6650
7410
3368
2349
7393
2117
1981
8020
2320
5574
5374
2046
8639
8894
824
7575
2522
3973
70
9686
8231
6898
9039
2343
4669
9720
7042
5910
6293
733
5600
6419
2647
6334
4513
9009
7412
273
8676
2942
1680
1942
3592
3836
3685
1506
3847
5358
2945
9638
6911
4117
4339
3851
3817
691
8370
7438
1052
9048
4167
2703
3824
9984
2583
8491
5166
7828
2511
1437
3800
3937
3257
7003
6854
238
4537
3609
7596
7642
9917
9245
5927
3562
9672
3132
7094
3229
1966
5472
7441
8315
4203
4408
5879
3653
7938
5602
2601
3926
5325
215
8001
2843
846
4244
5493
7604
6320
701
9468
7161
2662
5586
7751
7109
5109
9745
2238
6202
3894
5415
7300
7656
2222
4670
3759
8756
2362
2988
4408
200
6574
5626
8054
3905
102
6236
750
1096
3664
9119
2097
2901
1996
7128
9278
8658
9350
4265
4109
9467
4789
3362
3991
2225
3263
5051
799
6678
8960
7392
5499
969
4961
4098
965
6034
5254
4537
9840
3839
8257
4769
6859
1966
9895
9576
3623
4386
9780
6682
8777
4491
290
2160
4233
980
534
6280
3454
5765
6406
6437
7545
7827
5718
6797
9026
2203
6949
4142
4064
2344
6343
6418
1124
4090
9495
2308
3209
6955
6455
4128
9693
4871
5402
9814
4863
6870
838
7333
6377
2558
1061
3044
6367
5698
4853
2105
2762
1103
1882
7570
7485
8243
897
3813
3412
5572
8288
3339
7556
4326
3709
3484
7913
6216
5706
2515
9426
932
7031
4017
2748
4532
8265
1882
1244
5576
1444
6886
8828
8961
9252
4701
2970
6033
6640
6512
643
9578
693
8115
4520
5047
789
6663
3081
4179
4439
9234
2922
4548
2830
1937
1473
2851
3884
8478
1582
5095
4509
8994
649
9816
1500
4031
5693
1597
8510
3274
7386
1660
6675
2339
1944
4414
3467
4580
6814
6773
2011
503
2930
8430
3560
3497
9770
4076
2788
9844
5124
8982
6979
5528
3063
1613
8285
9798
516
5751
7325
7510
5485
4602
7651
6286
3396
8908
8459
7508
9982
4389
3542
2974
3517
5164
328
5770
8396
4882
689
2523
4041
591
3194
1111
309
1829
6715
8543
6327
2025
207
8738
3742
5075
4704
3978
2048
1561
4836
442
9271
3886
4857
8797
6049
7046
7648
3458
6804
847
662
853
5004
885
6198
7194
2719
4290
6828
8119
6276
8129
7551
9544
3995
7285
987
5599
6052
682
9750
357
5607
6030
5606
3903
3686
5624
4860
7518
6655
9389
790
7983
8673
7132
6804
3717
5018
6968
5782
4738
3562
8228
5227
7114
3969
9312
3758
5892
8868
9813
655
3694
4025
9395
2039
5306
7722
5102
8626
307
7636
7246
2239
6322
4462
6755
6652
4868
175
9813
797
584
3332
8755
317
880
9739
229
8327
3620
4362
5995
965
5793
4342
5952
19
6012
2105
9308
3985
992
3615
4285
1269
7467
5149
329
4402
8048
3169
1621
2263
2114
550
7497
5944
2926
9809
208
9656
5908
5353
9925
7512
8801
4193
9323
7304
1658
5092
5925
2816
6092
6246
8906
5595
9172
2219
1172
9475
1454
1845
6633
8676
1601
2298
4766
5497
1373
2122
3360
1860
7023
8291
6024
5011
4674
5101
2401
7920
7595
5928
453
6562
5524
5280
6297
1880
5160
596
3727
5065
6410
601
4543
1503
8739
8952
5729
7766
3911
1107
5198
9209
4119
2149
9009
828
1789
6290
2769
1362
8603
4023
3989
3455
6141
3948
8518
4513
6177
6865
5325
4917
2298
1524
7873
4562
509
8940
6980
3792
4105
1412
4889
626
5590
4483
2606
6243
3348
4138
2948
3966
795
1586
7469
3817
3908
7481
4850
9506
2970
7574
1402
5039
8210
7972
3869
9430
5033
8132
4151
2612
2280
3462
558
9746
2983
3571
28
4241
9135
8191
5534
1301
2878
4317
2047
9299
7880
6889
2309
4808
2838
6654
7482
8180
44
4295
6305
4136
6514
8705
6508
5521
3250
8269
3306
5670
5730
1821
8998
8248
272
7937
2460
2956
5269
9472
2427
9869
2674
3704
7337
2795
470
9015
480
561
5823
4954
9654
2958
8994
4181
8437
1466
5458
8499
6019
2391
1181
8633
4259
1953
5109
4153
4665
3496
3906
4589
9706
7659
1533
2097
3975
318
5611
8104
7765
5654
3063
7161
2157
1008
7154
7060
8266
2851
881
1386
8534
7382
5527
3503
452
3154
8833
9733
3832
8750
6168
6613
2110
1336
9775
6496
7193
9001
2967
2048
8973
5923
1810
5507
3080
4104
6317
7681
3878
8184
6835
6083
5532
1417
8477
2421
9929
8886
6520
9805
5970
8754
2353
9712
4637
7591
7181
8956
2701
2010
6947
865
6537
6558
2486
5611
7578
8021
6413
7778
9635
2707
1356
151
8674
1697
5307
8497
9689
4740
3053
9035
8896
9544
2544
3145
2658
2285
4928
7905
6839
8976
908
8817
1440
7344
6697
679
6719
9467
6486
9248
5014
1375
8857
1338
7177
7406
3165
485
1756
9672
8706
9311
8990
7803
1939
6733
9687
8719
9427
1272
9856
3766
4493
1727
2458
4658
9350
2987
7310
3803
6953
931
6957
1360
3448
8522
3198
5287
7041
4202
5317
2959
1393
163
8720
6067
6596
6701
2446
5038
2243
6735
345
1591
6138
9751
7510
9826
7419
4683
2155
2759
8725
7412
1596
8269
7484
8888
5412
6588
5118
8990
5559
812
783
626
2296
3024
3021
969
8873
3297
1818
6487
6954
5886
9886
5848
9028
4838
9941
9817
4175
8677
9084
5422
4034
265
6384
8404
4356
4973
8279
2437
2454
4317
4786
7832
3007
4943
2363
5134
2475
4637
8928
1764
2369
3104
9238
5182
3306
8723
2216
9635
6908
6946
8015
4928
1842
9354
6160
5032
3372
5364
1291
3839
4924
1074
7423
8371
700
5271
5651
8063
6714
6820
9093
5700
9496
4952
7844
395
245
4990
2172
9347
5918
8736
2025
6911
6566
7713
3264
9817
2954
8647
8939
8610
7668
9154
4465
3805
4850
7773
1367
8557
5276
8002
6424
737
2983
1138
2220
9661
8521
9070
2923
1301
1877
4131
9685
3554
6815
3425
6810
7223
8155
1010
4282
2825
6079
7361
8146
8443
2643
8200
5296
4403
6636
2224
5766
1336
6382
6779
1275
2132
6322
1244
1079
8295
4138
9500
1232
3475
8528
1625
4826
7130
2482
609
5197
7672
5293
2842
5851
8129
5711
5759
4610
349
6339
4445
5271
744
7217
8809
2808
7195
7020
4985
9254
9254
7796
7471
4842
5290
3192
7292
7917
3075
4751
922
9408
9413
46
9550
991
5022
6708
9517
5315
1419
4526
7331
3824
1247
1794
3953
2273
6413
7774
5099
8489
8259
4812
7293
6649
7003
250
5085
5522
4808
741
3747
6650
449
1027
1410
4517
5316
1699
3875
4760
621
4167
7457
6035
5352
5643
4858
5855
4955
8063
3243
3549
2737
1420
2031
8221
7403
5854
5224
4944
2087
6015
4921
7167
1381
4770
4693
5337
5837
8383
7963
9511
5178
8752
7874
6667
6181
7056
3211
1599
7280
6009
6587
8888
7216
9578
8671
6499
8976
5748
7511
8926
9937
5063
2214
9625
1227
3987
7234
1944
6473
3156
2184
1917
944
7402
3355
8366
1736
8266
1356
1487
9758
2344
8934
7682
6303
2834
3899
7356
3423
8142
7541
661
8164
8922
7891
2861
3922
6210
485
21
4035
141
5760
346
5135
440
4208
1799
1411
1394
753
4167
8643
5563
1515
1646
9512
3720
1840
869
2021
1768
862
4913
5281
7399
7254
1780
1408
5854
2236
8445
7919
209
4255
3827
3781
1815
8284
7003
3060
7536
6734
4302
9252
2181
5999
9664
7130
6060
6229
822
6141
1739
4246
6430
9959
219
6384
2069
2751
9398
6886
1373
3897
8829
9155
5830
3313
9016
3004
9850
4226
6767
4321
4547
2097
9604
7169
8269
2374
8295
6815
1722
3178
5723
1765
7608
9354
2710
6811
1055
6954
2999
7154
1729
3060
4919
1241
8494
4505
9023
3990
1055
9029
4833
9274
7973
5941
2642
7483
4268
5653
5509
861
9910
8982
8532
7541
7110
4132
6538
5689
6360
4637
8615
6472
8084
2767
111
4944
6039
5747
263
1794
9744
2616
1212
4871
9352
3832
4726
5525
5988
1223
8975
9868
7906
2708
5619
366
7590
9086
3631
8374
5432
8402
8718
2937
576
2275
6255
1494
492
4545
2226
3016
8881
9235
8519
6890
7923
8925
9103
6611
4840
5522
4127
4989
9127
2252
8558
4320
8297
38
9571
8311
1355
1758
3503
8951
395
3180
6616
4931
8279
2608
5847
3918
5033
9778
7628
8351
6061
9562
3955
7481
7701
5397
4351
2492
1281
2185
1844
9676
9929
6605
1951
2733
9235
1323
8327
103
1335
3538
4417
5768
831
1163
5957
3538
3622
8724
7141
9507
7705
9259
1618
2097
8900
7295
9422
6582
2127
804
7537
2984
671
942
4552
5129
3648
9495
6406
3036
7638
7405
4845
6990
8471
384
380
215
9550
1642
3595
9751
5717
6317
9344
117
796
9574
7354
223
1289
5496
8409
8648
2804
6447
1076
7669
2486
4551
5099
3992
159
4196
4217
6504
8834
609
9625
6338
2434
8946
8347
584
4096
3186
2308
2079
6183
9517
9168
4161
9953
5598
6605
6705
6768
4785
7541
8450
2672
9331
9574
6650
8886
4904
46
4306
5589
5965
6591
2690
8423
3562
1778
2104
380
5613
3400
5459
6301
1587
2696
6254
2792
4090
8758
2786
2385
7431
1549
8023
9285
5484
2158
4152
5635
2169
2985
6193
6649
7168
2385
4244
2227
3720
8748
9283
1222
1861
1005
7289
6668
6801
3334
8298
6515
6479
4333
3925
8730
5989
4940
8687
1279
8974
748
1422
1110
8168
7627
1749
7094
7764
2089
8511
9683
340
1625
536
6616
8565
8424
3128
1549
1511
7478
7187
6038
3981
7740
8874
8806
2175
1201
9464
9587
1665
8239
7253
9999
6752
4669
5043
5272
3918
4027
1448
9783
8652
8540
5382
4181
7553
2555
8626
3391
4240
8000
8921
7164
8305
8651
8212
4535
2293
4111
3290
7260
931
9704
6842
1361
4122
1299
573
5796
6908
216
2657
2017
5614
4775
6988
776
4123
1047
2884
9050
6625
923
1759
3404
7050
5513
1908
3845
5260
9586
8738
9018
9257
7880
9451
5447
7407
7217
2227
134
3568
4989
7748
5757
9426
5635
3326
411
9884
6022
1033
6352
4767
5210
8616
9864
3231
9404
3127
3189
66
2349
2937
7997
4965
7250
921
1944
5961
9293
6693
5772
9966
9497
9995
3027
6353
1561
5407
617
2980
9601
5887
2899
8942
9773
1435
1365
6927
5435
1089
8168
3996
7835
1711
1887
7465
5866
592
7419
4973
9336
1316
984
707
1827
9034
2393
9084
7785
9535
9009
8323
6507
3380
2718
1920
7044
2241
6981
5044
9227
2300
1055
3986
2158
2780
1625
7510
9447
2752
9441
1856
342
2266
3851
312
1727
4863
5316
3385
2313
6784
330
2509
9426
5820
5934
9979
6737
3328
6049
8393
2775
8601
2091
65
3142
29
4170
2668
312
1652
7771
8526
6003
5804
2987
3274
9291
4807
7702
35
6432
7652
9103
2868
4747
7492
562
1900
5448
2854
2168
6150
4092
3570
9415
4205
4573
4277
3433
3552
5867
6074
3524
182
3305
7964
3650
4527
4849
6925
4763
8113
3472
8700
3844
219
3676
4029
2272
6799
1445
8986
8210
7413
426
971
4119
1446
6147
1234
1765
6094
9455
1967
1327
5246
848
413
9382
3366
7836
6778
8983
2681
5470
7144
9871
7671
2518
9027
391
1988
4408
4679
8457
1020
7419
3403
2405
5022
1701
6913
4516
6946
1179
9590
4274
1794
4035
1041
8533
1855
1209
9113
5079
1122
9032
7180
7536
5593
2047
1705
2243
943
2041
9059
8443
8130
3600
3241
5170
5217
4377
8436
372
6792
9337
438
686
6921
8141
6625
2493
7894
2866
6944
99
9569
6753
508
9906
4975
9484
9619
9386
8341
2461
84
1632
271
5165
2606
5989
537
1239
39
2761
9403
1430
4644
1308
2860
1285
664
6411
6732
6777
194
4749
9926
8729
6413
5298
6872
7198
2985
9306
341
3240
7502
6210
4732
8793
5685
5173
888
9653
9093
2955
9657
4942
8687
53
8257
9301
6972
917
83
2519
8123
1374
3088
1790
9572
5690
8084
8721
8626
8960
9367
6825
2513
5068
939
7176
430
1745
5306
2447
9642
7338
970
8089
6784
3440
5543
6575
1769
3163
6965
1263
7755
7934
7810
9623
6482
5778
2011
2320
4473
9636
1669
1961
4379
5801
9403
1350
2114
8064
4060
1473
7680
6431
3024
5711
6624
7320
7988
8579
3998
8335
5001
8536
3064
532
1855
6055
2184
6247
8575
4392
7130
1775
9449
1027
8450
9772
6754
10000
4088
4822
355
2646
8754
399
6419
4145
2351
6773
7304
5865
5270
7231
2909
7578
7329
2221
6777
2498
4676
9881
4002
8571
3109
5814
4545
1918
9135
1227
638
7564
9343
6282
3888
2118
6562
2698
4326
1897
3915
3707
8713
7935
4539
3137
9258
7635
2861
9878
658
2718
8673
7688
944
6980
6468
3323
1349
8323
144
1224
9350
4970
4307
4397
1934
251
4396
2250
7101
7312
1940
5346
5320
2857
3331
9982
8541
2627
2892
6733
9891
3244
9931
6071
6245
6404
7634
2560
8589
6120
2492
8324
2318
8011
1500
1475
4517
210
8055
1328
9004
3518
772
8858
2644
9889
9445
8687
7765
6540
9656
623
9622
9677
2916
7691
9690
5152
353
2751
317
2497
4722
8316
9735
9977
5325
5398
6628
9343
4860
9695
1866
8207
4902
5518
1386
2624
5716
5893
4238
3700
4109
302
5904
5912
4719
3739
3314
1112
3821
5967
5262
8960
3291
7357
3574
122
4309
8812
1870
9118
5830
5494
2887
1320
1185
6113
5450
2530
1601
9104
7902
8815
2586
6219
9697
1006
9151
4233
7613
5517
781
8432
8279
9723
736
7649
9628
9591
6879
826
1175
5618
708
6260
3216
7074
9525
5443
1389
5779
4014
1149
162
9050
4854
9814
9415
2366
8579
6344
6205
7915
9947
9471
1148
7688
9440
9063
4688
9528
4699
8798
9324
7359
3628
8571
9581
3659
5164
1592
3358
4733
1330
544
2148
7146
8400
806
483
5060
8763
9043
4957
4770
737
6942
7562
1837
6634
2177
2526
996
1831
3824
8922
2154
2936
2125
7191
6571
5197
886
4329
2396
5002
8776
7823
8496
8280
2577
6403
7426
9095
8624
5978
3142
1251
2500
9174
7107
7679
6796
4143
283
340
3296
6491
9524
5891
2139
854
7990
5522
5034
4198
191
4783
7733
688
4325
1446
5394
3880
6695
107
1103
6082
8951
9202
7672
5652
7964
4084
4473
7564
2082
3031
9715
4013
1281
7847
2021
5373
3607
4952
788
5346
3875
6552
4547
7315
3540
558
6295
2725
9870
764
4291
9406
6684
1626
1370
3828
165
5072
7284
5646
1822
2880
3370
7597
3130
1577
8541
9454
9204
742
7965
7320
549
7598
798
1103
6009
9212
1643
2694
5813
2723
7033
9052
736
3160
1728
1308
2715
4646
5370
4010
708
6305
5716
7224
7980
787
1664
6932
341
6635
4491
8856
5831
3464
4379
2519
8052
4666
8554
7404
5993
5248
7870
1455
4903
6274
278
8556
5899
5138
5725
8995
1933
9496
1669
9502
3206
2830
4319
8311
7005
5393
6130
9981
7149
1121
6194
3801
5448
6331
1730
2813
8358
3410
707
7093
5982
5800
6623
9247
1449
1342
6285
7382
7516
2782
5269
7915
4792
8614
2969
3744
6868
6308
8160
2922
3054
8477
6235
3931
6400
3141
5734
1015
3099
1110
4790
4508
6936
9737
5778
6225
4160
1343
9070
3403
6438
7357
6453
3139
133
4446
4726
2046
2724
2526
9976
235
2323
930
1776
6618
7457
8430
3397
9506
1644
3500
3104
1865
8075
1981
8654
9314
3123
6382
615
2904
9310
9598
6268
3221
6091
1662
972
9794
536
7474
6876
5383
8757
9528
3112
4230
693
1864
5347
2563
6377
8707
6254
7958
9318
6354
5830
60
7885
567
2060
217
1686
1466
9562
7514
3979
2222
515
673
1348
2098
9594
4317
8577
7336
5612
3157
9664
513
1651
1520
3999
6164
9328
3752
9503
7153
9707
529
3978
3052
5699
6699
6242
4789
926
3747
6177
5914
4737
1379
4659
2429
119
7367
4872
8711
6331
1240
5628
4311
8053
828
88
9731
5026
427
9583
3240
9604
5648
3246
3292
2831
8138
7490
8399
6309
8659
453
7334
2853
8007
5707
5576
6068
6293
429
192
2985
1182
3441
1901
7840
7599
694
5439
9331
8173
4389
4268
2864
5692
6344
1696
873
2544
9787
1566
7227
3305
6383
764
7621
7083
9551
6093
9805
3766
89
3034
4714
1007
5104
4087
5625
2369
7177
9215
1932
9699
6884
8969
5767
9357
1153
3798
3264
9958
1867
9925
7824
410
5691
8742
5447
6745
2903
9797
3319
9921
9566
7201
1993
7958
9470
2019
1385
4230
3809
6568
1192
1418
5100
6450
594
9511
7043
3265
6116
543
1620
5743
7284
4694
5157
3955
4261
9984
2267
6281
1064
5478
746
8235
7698
7030
916
6255
4479
421
9606
8627
3233
6931
5377
5848
5532
4286
8078
6218
138
9610
3066
4005
980
5793
2387
8244
9333
1559
1129
3950
690
258
8470
1884
8925
7962
5539
460
9959
6478
7068
1769
3345
5681
4553
8948
4348
9838
894
5473
3266
1741
9988
7521
6262
4907
6010
4269
607
627
9572
9239
7710
6658
7610
3305
258
1449
5280
7528
6467
7755
1951
4435
3639
6655
5979
8856
6867
1252
5297
5013
7511
670
5703
6212
3684
3864
97
5550
6601
8770
2954
9450
1115
4918
325
3359
168
8807
478
6184
3559
4031
6645
6891
2
7391
8914
5844
986
4847
6486
2777
7354
268
418
5360
4456
8703
9797
4497
7265
4843
9275
1455
9453
4797
1594
9597
4242
9714
5377
5434
5460
6248
8646
6768
9841
6563
2420
8845
3141
6536
7187
503
4317
7733
6725
9434
656
6053
6694
1421
4082
5873
6484
15
5997
9615
1900
5579
4494
5530
696
6010
6545
4988
9776
3903
1711
1616
1050
8336
2318
2604
3595
8899
24
7957
3650
6825
6265
1714
4424
9146
7417
9988
6364
6275
7100
8555
994
5072
5690
3525
2374
9213
911
6877
7184
4331
5847
2279
9861
9338
3077
5511
2134
8271
7100
9128
9713
8846
5979
6584
4991
542
6045
2902
4025
6074
3598
4993
406
1455
3972
7273
6790
2906
2114
7374
7170
4362
3388
1701
4425
3048
2200
5124
4214
5991
8354
1014
134
9359
319
1150
5720
9011
7348
8796
947
464
3821
3708
4843
2828
5980
598
2260
735
8122
682
662
8207
9252
1143
3052
1782
2847
4180
9145
9531
7682
4331
1519
1625
596
7272
5858
7960
5134
5425
2500
57
4837
324
7610
6718
887
5098
7585
2742
7139
8051
9616
8264
9178
3372
2882
1675
3824
9266
7452
9734
2017
9345
2263
4979
3012
5504
2509
1719
1672
3972
9065
8259
686
7493
6603
9766
7193
8112
1550
2561
2387
5534
7623
1721
8602
2405
3741
5433
6847
4172
7796
7474
6536
7005
9822
1969
6553
8469
8818
4168
6655
860
4306
4523
7569
5619
3397
6575
5820
42
7899
5067
8686
4696
3488
8593
6456
8202
4334
272
9639
6056
5182
9141
2589
4331
3164
8758
2726
2458
106
1093
6893
5987
4402
9514
5418
1349
9679
8489
7483
9680
6281
5883
8247
5948
8924
7774
4373
8391
1330
2556
6615
4704
2070
6133
3414
7319
5574
2861
358
6009
8636
3690
2286
4222
8117
9356
6098
2559
7514
5248
9641
4207
6557
2321
9800
7263
1003
7520
9139
102
6549
5521
4786
698
5518
5968
6800
3183
1407
2208
7427
6910
1782
5489
2030
7437
1728
9603
6844
1311
5269
9636
3141
4624
3992
1972
8119
6787
4281
6125
4034
4150
9782
2509
3367
8900
6792
3686
4461
1962
4925
1330
734
6428
1282
5536
7729
4340
6215
1079
2936
8302
9183
7589
2820
1424
8291
5284
3949
6810
4825
8849
6821
9359
3419
4129
72
3586
2771
56
759
9389
4727
8366
4530
6022
4569
6651
4525
9198
3529
270
5284
3951
6114
8197
9643
3831
6113
459
7021
3058
4849
4390
6892
124
9092
3183
2335
2505
9022
9189
2418
6540
1251
7605
4055
512
9327
511
1670
4225
7857
4019
2420
1521
9779
3062
2665
8262
3382
9314
8990
6590
2923
9621
4842
628
1110
9528
1860
804
2812
5046
8080
3310
3472
3471
4506
3769
3094
9839
6761
9101
5365
8079
2534
7512
8739
5442
7254
3347
2407
8684
4808
4278
1459
2804
381
412
9380
1372
8551
1527
298
660
6205
3786
8974
6926
4883
106
3858
5238
3029
6102
8300
9482
926
2255
5169
6555
584
683
4871
3059
9550
8214
1536
2981
1595
4743
9016
1830
8325
8199
201
5036
3002
2389
5919
4036
2362
4485
7265
5391
7727
8685
5608
3222
2020
5348
9412
7095
411
5128
5046
7315
6697
8828
1377
3721
3346
7187
8361
7915
2557
8803
9257
764
6531
6740
7136
9685
3135
8059
8665
3794
6674
9833
6715
3324
9806
3841
9310
7493
9313
5255
8923
9928
70
9874
2639
5173
4257
3897
8337
6146
71
3823
8446
9158
8504
2673
9783
4345
8770
935
8060
680
6846
4200
5959
7260
1680
9381
1769
9457
8028
6085
1666
4019
9078
1644
490
4201
6103
5905
91
7313
5211
9199
1576
908
7370
2630
6603
1497
6293
1112
4382
3802
7505
2150
4917
1859
1251
1822
8715
1779
4646
236
5329
130
5037
8525
5487
8212
9465
8534
6311
9029
3647
6159
5263
8662
3255
3219
8514
1103
1005
874
9976
3246
2294
2698
8506
7932
4593
1016
7524
8031
8173
8931
6993
9991
8008
2938
7360
4066
4528
7632
8860
4943
9767
1434
8701
6243
6066
5099
5837
6432
9747
292
2654
9867
5694
9760
4692
5132
8942
561
9954
791
3679
888
8944
8490
8625
5422
181
8214
3959
9428
6003
2897
3069
8551
3742
8543
4643
5881
7299
1287
3076
9545
7540
5160
6701
7970
7308
1926
7835
5038
2726
2386
6069
3200
6151
2328
8751
9867
3832
777
8908
6011
8292
7315
2493
9997
8178
5468
630
9423
2337
414
3335
6351
3673
4512
1296
187
8902
7033
5541
3638
5088
7642
3098
4982
3159
2387
8695
6045
3651
2230
829
8848
1105
6774
7693
6175
5715
2696
2135
3452
3457
446
9174
3016
5760
4679
1776
6941
6352
814
3137
5887
9130
1236
7393
8129
1337
9169
4582
415
2978
8119
8991
7566
1871
9747
1188
6482
2169
8827
3597
7135
123
5121
8288
8906
1061
4321
9999
113
1993
4086
6239
7988
4154
5068
6202
9478
9571
6956
8392
4113
2627
7565
4365
6351
7918
6043
548
6903
1083
7016
8079
1762
8637
1708
3333
8715
4808
5509
6139
7647
3208
7012
808
9822
2723
8816
729
6526
25
8552
4829
5108
9188
3312
9127
4568
6548
37
1784
8011
7264
5196
4506
6680
1651
3034
7216
7705
8344
2415
1535
5044
8451
7302
7183
2974
7695
6586
6944
3154
7772
3289
2444
2897
5399
72
3790
2808
7578
4052
5536
3661
728
9726
2190
2014
2018
8330
4708
2605
423
9930
6601
2103
7939
3183
3701
9049
8356
2187
7739
1450
5083
3532
7927
9965
4464
3241
6520
6105
9874
8333
2213
5916
2500
6678
8304
8195
9857
6990
3452
689
8826
4726
9208
9203
4072
6229
1122
5394
8270
8484
601
4929
1105
3772
7771
6257
5946
9345
7790
2424
3862
8256
1903
9173
2788
8721
4734
9837
5354
435
1801
3841
4354
5320
8185
1366
5874
2958
5464
6133
2523
6199
7909
9351
6065
5459
918
7578
4210
5871
7727
5176
4042
8573
2418
9508
8027
584
3750
6223
7329
2107
2061
3378
8798
2805
5615
5240
1551
4294
987
8939
4924
6203
793
6017
2815
1466
9653
591
9204
1487
8643
5289
2339
7534
2561
4287
9847
4177
6042
4147
6158
2312
7004
2860
8424
7231
770
6060
1582
5173
8433
3601
8906
4840
5411
5510
5141
4051
6227
3658
7347
8255
5915
5869
9596
2216
9530
3997
2331
7722
6064
4809
2279
2444
8217
8725
6398
989
4695
2653
3776
6529
1355
7344
9639
3018
609
8219
9949
5682
1357
5845
9812
7992
5526
1683
75
292
8746
8492
5682
5460
9019
6512
5783
9990
7364
1899
1530
9845
1084
4109
2031
2925
1268
63
2804
5242
4701
6254
8447
3058
3376
8395
3928
38
1504
6796
3864
4674
4375
7165
602
4507
6414
4808
2101
5394
3948
7419
1318
4547
2653
5197
9235
5497
7114
1304
6848
7918
8782
3505
6176
6983
7802
9225
5578
7863
2072
778
1185
2837
6585
2229
3461
5679
3248
1989
1001
2335
3587
2326
3064
7555
9486
4616
7584
4989
4227
9057
7718
6653
499
3534
2864
8303
120
7985
7287
7062
3600
1444
9591
6245
8188
518
4080
903
3850
5715
3723
4648
4973
8384
8783
3784
5929
6723
9031
70
6518
7461
1733
5650
4222
5493
4523
751
9029
1440
7740
3605
5249
4754
8473
2627
4609
2345
5575
4251
761
3596
9197
3497
598
3573
633
6517
37
1803
7343
1216
2743
7224
4674
2748
1096
8599
3497
2150
6215
7564
615
2395
2053
9669
4154
2820
7283
2098
497
9535
371
9841
9878
6989
4858
2096
4877
688
4035
9046
8658
2226
5433
3450
5856
7624
6776
803
2135
1259
5329
9571
4526
4545
7959
9651
2203
997
4234
4271
7473
7109
6650
9443
838
3411
3086
3595
2627
6671
1040
111
3711
4926
7957
5614
2872
2551
825
4705
3050
9946
7639
3327
9696
5791
7237
8765
7097
8266
876
2935
4479
7152
7257
9808
3489
9993
9245
6487
7144
4787
2337
7365
48
440
8294
8155
1173
3859
3974
3741
3981
7234
8168
4546
1540
9234
9064
3419
3150
5457
2941
7665
6401
2384
1732
6902
5058
236
7559
3429
9525
1915
9054
660
6383
1234
9808
9519
2302
9088
8172
3074
518
2815
5813
616
7880
9013
4593
1820
7724
7503
2759
2245
8203
8603
1855
1979
8505
7401
9905
8260
227
155
6583
7017
9221
7039
8898
9862
9622
4517
2039
5353
5429
7829
9237
4113
5092
1252
6536
7812
1586
5671
4758
9355
5758
8907
4789
7826
6208
2597
3867
4164
4631
9743
752
8886
4983
7835
9564
7627
6075
3328
3578
9580
7108
176
5979
2589
1769
7096
7970
1259
6371
3203
7796
4470
5338
4408
6230
2927
1073
9597
7974
9447
7460
3693
7509
6423
1436
2979
2510
6142
3792
2106
6844
6757
497
8926
1448
723
5844
538
2575
945
7616
9550
5267
9696
6882
1411
4104
7061
4398
7030
5197
2029
1294
2206
8002
3876
3741
5836
2138
4613
1895
9950
5313
4045
1288
374
1491
4369
166
40
9440
4251
8524
961
7515
6536
8192
1038
7247
7465
9567
886
7033
8180
8392
4762
6419
5566
8274
777
2143
2518
9922
5197
5408
7557
4835
6271
4493
3938
9840
8025
7631
1009
5195
2364
8954
2919
3003
7848
6110
9563
23
7850
9441
7616
3905
9574
1736
6133
1863
4040
5984
1036
9488
5809
7772
8808
262
4097
9530
6155
6851
1682
6335
2329
2763
1942
4035
1028
178
5404
5129
769
2422
7788
9944
5299
8428
524
6743
9553
5756
4233
699
5617
8839
6270
6996
7951
7707
168
8595
4359
110
8725
3727
7698
3108
2927
9498
299
9830
712
1038
7958
9689
2406
6412
4510
1256
8625
8178
755
3797
2579
3972
9157
1072
6307
9215
8108
767
3148
9752
1839
7642
5457
7403
4626
745
2267
4108
7530
2533
2818
186
1442
7404
8393
7360
8597
9090
1901
334
9565
176
83
5129
3862
8935
6076
6407
9020
3843
9146
3331
5749
7232
7493
7625
8544
5290
5055
5321
2907
4306
3575
2359
434
3757
369
5695
1255
998
6282
6726
8680
9832
8499
6946
5078
3662
4330
670
9209
2994
9039
7876
9243
7157
4428
6562
68
7727
952
4044
6127
9572
3466
3799
5794
3999
8241
4284
103
3618
2741
3054
3888
2817
5240
2899
2439
6933
8537
1198
2774
2020
4449
8559
2372
7701
4936
1770
4528
4507
178
5874
9657
5536
1269
8265
8571
3441
7936
7715
8139
5456
1292
6670
5040
9971
8483
1848
45
5137
6429
5974
5883
6593
5370
5345
6868
7151
4418
5502
1622
1454
5325
4473
5706
3251
585
3454
4872
1516
4169
1142
6645
9115
5900
442
1350
7287
7305
1793
6704
8589
4793
4869
1428
1797
1982
5965
9003
9280
4278
1852
9962
2878
5884
5314
4940
6111
460
7094
827
9305
4870
3673
1694
8097
1889
8536
7458
6486
5143
3536
3450
9311
1636
7797
2133
2460
6761
9026
5386
6598
4771
7835
654
5251
2994
3872
354
2613
8036
9954
1181
5541
6441
9509
8550
7277
279
2695
656
6688
1148
5232
9280
3424
328
3750
3026
2076
2498
475
1724
6330
6559
8696
5669
4989
5600
7395
5119
9740
743
188
3422
9392
8056
73
8815
9619
8227
6900
1873
3109
3237
7843
9026
174
2334
580
381
4767
3753
7422
8032
2708
6579
4826
1930
9339
4371
1623
1827
4173
2595
5087
178
351
294
9390
3197
9788
7497
4936
1385
3608
8184
7682
3353
3574
269
5777
878
5917
7721
2470
8238
6949
2830
1499
7566
9150
4438
4281
5873
3975
9618
4636
2776
8756
7377
8426
3176
5339
6326
9616
1461
320
2277
8300
6884
5656
8859
7888
3045
7692
8522
7487
5802
2164
9442
8989
8538
3604
7242
8712
3463
8172
4900
9716
2094
6595
9229
753
2003
6244
2030
6644
5620
864
545
8775
4636
3902
4495
3889
3728
2217
1697
5001
2270
6973
4210
9896
5781
814
7944
201
4889
9260
5751
8939
8691
4083
2665
2441
3112
576
761
6045
4265
9972
1998
2020
2292
1121
7029
7286
8615
1413
290
7157
1452
468
4000
3451
9724
7901
3096
7522
4524
6364
8777
1184
331
94
6007
2072
95
5140
9464
3229
645
7259
856
9292
171
1711
6218
8733
8654
3322
8822
7389
2010
8912
311
4591
4386
9646
3698
5546
5227
550
8906
7711
360
7282
8346
5955
7671
557
5398
3410
9348
8058
7213
6464
7452
6290
8137
1965
1356
5583
1682
5218
2350
671
3177
2766
6855
9626
3902
840
761
2973
2183
8385
7392
4486
583
5152
4594
9086
1717
2510
7483
913
6867
6858
1782
7457
8819
8889
3594
916
5490
9195
6508
9211
912
7923
8171
4067
8541
2636
3688
2603
4683
7799
8935
3132
1726
7857
7452
879
6657
9290
7951
96
3060
5814
8789
8917
7922
5208
3809
925
6273
9096
5203
9484
8035
3272
2066
1725
4158
73
4688
4245
3898
8817
1499
3427
6233
391
9043
3673
1831
9593
1125
6003
4060
8763
4625
4683
5979
1118
6624
1585
104
5611
6249
8054
4996
4242
6189
3586
2416
326
6277
3723
9698
8398
4328
3807
9062
9675
8407
3322
9686
6521
4658
565
5685
6671
9033
5056
4781
6331
7305
7517
6602
2530
5278
3338
1788
1266
3612
4542
2632
8121
5114
1777
1712
3770
6669
1060
3480
5556
9969
2094
9117
7340
9678
3201
5859
7872
8314
2021
6895
1669
3375
3138
653
3357
7436
1204
8845
2919
8102
4671
2811
9783
31
4134
4886
5976
3932
2586
1255
2263
6608
7283
9336
5779
8775
6685
6650
4846
77
8088
8532
5213
9629
7090
9550
9221
867
4555
2934
4581
4979
5931
8465
556
2034
4120
954
6034
6707
9739
4563
4247
7970
7732
8958
3973
334
1159
7481
100
7069
3445
8845
7985
6315
3204
5680
4124
8130
9142
8128
5991
7640
1478
551
5825
1892
4794
1033
7108
1749
581
7307
2468
9618
8682
6559
6656
3439
2031
4663
5575
889
9961
6487
1677
6451
5417
5753
2757
8381
2249
1718
676
399
7466
8066
5690
3681
1306
2138
8468
9125
7883
9941
7856
3158
7837
6091
8814
6179
8710
9674
4151
8256
9769
3010
8950
7235
3041
5073
2912
9925
6878
3852
2468
7117
3006
6377
5380
2165
621
7944
2759
8796
6588
3036
2851
2974
241
3640
6258
1836
5135
2698
8792
8241
4364
3100
4028
4481
3863
4791
80
68
7773
3387
5371
8002
5653
5050
8701
3245
7442
636
4513
4101
5769